  0.000000 -74.000000
  0.012857 -71.690054
  0.025714 -69.433757
  0.038571 -67.230153
  0.051429 -65.078300
  0.064286 -62.977268
  0.077143 -60.926140
  0.090000 -58.924010
  0.102857 -56.969986
  0.115714 -55.063185
  0.128571 -53.202739
  0.141429 -51.387790
  0.154286 -49.617493
  0.167143 -47.891013
  0.180000 -46.207528
  0.192857 -44.566227
  0.205714 -42.966309
  0.218571 -41.406985
  0.231429 -39.887478
  0.244286 -38.407020
  0.257143 -36.964856
  0.270000 -35.560240
  0.282857 -34.192437
  0.295714 -32.860722
  0.308571 -31.564382
  0.321429 -30.302714
  0.334286 -29.075022
  0.347143 -27.880625
  0.360000 -26.718849
  0.372857 -25.589030
  0.385714 -24.490514
  0.398571 -23.422657
  0.411429 -22.384825
  0.424286 -21.376393
  0.437143 -20.396745
  0.450000 -19.445275
  0.462857 -18.521385
  0.475714 -17.624488
  0.488571 -16.754004
  0.501429 -15.909363
  0.514286 -15.090004
  0.527143 -14.295374
  0.540000 -13.524929
  0.552857 -12.778133
  0.565714 -12.054460
  0.578571 -11.353391
  0.591429 -10.674415
  0.604286 -10.017029
  0.617143  -9.380741
  0.630000  -8.765062
  0.642857  -8.169516
  0.655714  -7.593632
  0.668571  -7.036945
  0.681429  -6.499003
  0.694286  -5.979356
  0.707143  -5.477565
  0.720000  -4.993197
  0.732857  -4.525826
  0.745714  -4.075034
  0.758571  -3.640410
  0.771429  -3.221550
  0.784286  -2.818057
  0.797143  -2.429540
  0.810000  -2.055616
  0.822857  -1.695909
  0.835714  -1.350048
  0.848571  -1.017670
  0.861429  -0.698418
  0.874286  -0.391941
  0.887143  -0.097895
  0.900000   0.184058
  0.912857   0.454250
  0.925714   0.713006
  0.938571   0.960647
  0.951429   1.197485
  0.964286   1.423828
  0.977143   1.639980
  0.990000   1.846235
  1.002857   2.042884
  1.015714   2.230214
  1.028571   2.408501
  1.041429   2.578022
  1.054286   2.739045
  1.067143   2.891832
  1.080000   3.036642
  1.092857   3.173727
  1.105714   3.303337
  1.118571   3.425712
  1.131429   3.541091
  1.144286   3.649707
  1.157143   3.751788
  1.170000   3.847556
  1.182857   3.937231
  1.195714   4.021026
  1.208571   4.099151
  1.221429   4.171809
  1.234286   4.239202
  1.247143   4.301525
  1.260000   4.358969
  1.272857   4.411722
  1.285714   4.459967
  1.298571   4.503882
  1.311429   4.543642
  1.324286   4.579419
  1.337143   4.611377
  1.350000   4.639681
  1.362857   4.664490
  1.375714   4.685957
  1.388571   4.704235
  1.401429   4.719471
  1.414286   4.731809
  1.427143   4.741389
  1.440000   4.748349
  1.452857   4.752821
  1.465714   4.754936
  1.478571   4.754819
  1.491429   4.752595
  1.504286   4.748382
  1.517143   4.742299
  1.530000   4.734457
  1.542857   4.724969
  1.555714   4.713940
  1.568571   4.701476
  1.581429   4.687678
  1.594286   4.672643
  1.607143   4.656469
  1.620000   4.639246
  1.632857   4.621066
  1.645714   4.602016
  1.658571   4.582180
  1.671429   4.561639
  1.684286   4.540474
  1.697143   4.518761
  1.710000   4.496574
  1.722857   4.473985
  1.735714   4.451063
  1.748571   4.427875
  1.761429   4.404487
  1.774286   4.380959
  1.787143   4.357353
  1.800000   4.333727
  1.812857   4.310135
  1.825714   4.286632
  1.838571   4.263269
  1.851429   4.240096
  1.864286   4.217160
  1.877143   4.194506
  1.890000   4.172179
  1.902857   4.150220
  1.915714   4.128668
  1.928571   4.107562
  1.941429   4.086939
  1.954286   4.066832
  1.967143   4.047274
  1.980000   4.028297
  1.992857   4.009930
  2.005714   3.992201
  2.018571   3.975136
  2.031429   3.958761
  2.044286   3.943098
  2.057143   3.928169
  2.070000   3.913995
  2.082857   3.900596
  2.095714   3.887987
  2.108571   3.876187
  2.121429   3.865209
  2.134286   3.855069
  2.147143   3.845777
  2.160000   3.837346
  2.172857   3.829786
  2.185714   3.823106
  2.198571   3.817313
  2.211429   3.812415
  2.224286   3.808417
  2.237143   3.805323
  2.250000   3.803139
  2.262857   3.801865
  2.275714   3.801505
  2.288571   3.802058
  2.301429   3.803526
  2.314286   3.805906
  2.327143   3.809197
  2.340000   3.813397
  2.352857   3.818502
  2.365714   3.824507
  2.378571   3.831409
  2.391429   3.839201
  2.404286   3.847877
  2.417143   3.857430
  2.430000   3.867852
  2.442857   3.879135
  2.455714   3.891270
  2.468571   3.904247
  2.481429   3.918057
  2.494286   3.932689
  2.507143   3.948132
  2.520000   3.964373
  2.532857   3.981401
  2.545714   3.999204
  2.558571   4.017768
  2.571429   4.037080
  2.584286   4.057125
  2.597143   4.077890
  2.610000   4.099360
  2.622857   4.121521
  2.635714   4.144356
  2.648571   4.167850
  2.661429   4.191987
  2.674286   4.216752
  2.687143   4.242127
  2.700000   4.268096
  2.712857   4.294641
  2.725714   4.321747
  2.738571   4.349395
  2.751429   4.377568
  2.764286   4.406248
  2.777143   4.435418
  2.790000   4.465059
  2.802857   4.495153
  2.815714   4.525683
  2.828571   4.556629
  2.841429   4.587973
  2.854286   4.619697
  2.867143   4.651782
  2.880000   4.684210
  2.892857   4.716962
  2.905714   4.750020
  2.918571   4.783364
  2.931429   4.816976
  2.944286   4.850838
  2.957143   4.884930
  2.970000   4.919235
  2.982857   4.953733
  2.995714   4.988406
  3.008571   5.023237
  3.021429   5.058205
  3.034286   5.093294
  3.047143   5.128485
  3.060000   5.163759
  3.072857   5.199100
  3.085714   5.234488
  3.098571   5.269907
  3.111429   5.305339
  3.124286   5.340766
  3.137143   5.376171
  3.150000   5.411537
  3.162857   5.446847
  3.175714   5.482084
  3.188571   5.517231
  3.201429   5.552273
  3.214286   5.587193
  3.227143   5.621974
  3.240000   5.656602
  3.252857   5.691060
  3.265714   5.725333
  3.278571   5.759406
  3.291429   5.793264
  3.304286   5.826892
  3.317143   5.860276
  3.330000   5.893402
  3.342857   5.926255
  3.355714   5.958821
  3.368571   5.991088
  3.381429   6.023042
  3.394286   6.054669
  3.407143   6.085959
  3.420000   6.116896
  3.432857   6.147471
  3.445714   6.177670
  3.458571   6.207483
  3.471429   6.236897
  3.484286   6.265902
  3.497143   6.294487
  3.510000   6.322642
  3.522857   6.350355
  3.535714   6.377618
  3.548571   6.404420
  3.561429   6.430753
  3.574286   6.456607
  3.587143   6.481974
  3.600000   6.506844
  3.612857   6.531210
  3.625714   6.555065
  3.638571   6.578399
  3.651429   6.601207
  3.664286   6.623481
  3.677143   6.645214
  3.690000   6.666400
  3.702857   6.687034
  3.715714   6.707108
  3.728571   6.726618
  3.741429   6.745558
  3.754286   6.763924
  3.767143   6.781710
  3.780000   6.798913
  3.792857   6.815529
  3.805714   6.831553
  3.818571   6.846982
  3.831429   6.861814
  3.844286   6.876044
  3.857143   6.889672
  3.870000   6.902693
  3.882857   6.915107
  3.895714   6.926910
  3.908571   6.938103
  3.921429   6.948684
  3.934286   6.958651
  3.947143   6.968004
  3.960000   6.976743
  3.972857   6.984867
  3.985714   6.992376
  3.998571   6.999272
  4.011429   7.005554
  4.024286   7.011223
  4.037143   7.016281
  4.050000   7.020728
  4.062857   7.024567
  4.075714   7.027799
  4.088571   7.030426
  4.101429   7.032451
  4.114286   7.033876
  4.127143   7.034704
  4.140000   7.034938
  4.152857   7.034580
  4.165714   7.033635
  4.178571   7.032106
  4.191429   7.029997
  4.204286   7.027311
  4.217143   7.024054
  4.230000   7.020228
  4.242857   7.015840
  4.255714   7.010894
  4.268571   7.005394
  4.281429   6.999346
  4.294286   6.992755
  4.307143   6.985626
  4.320000   6.977966
  4.332857   6.969779
  4.345714   6.961073
  4.358571   6.951852
  4.371429   6.942123
  4.384286   6.931893
  4.397143   6.921167
  4.410000   6.909954
  4.422857   6.898258
  4.435714   6.886088
  4.448571   6.873449
  4.461429   6.860350
  4.474286   6.846797
  4.487143   6.832798
  4.500000   6.818359
  4.512857   6.803489
  4.525714   6.788196
  4.538571   6.772485
  4.551429   6.756366
  4.564286   6.739846
  4.577143   6.722933
  4.590000   6.705635
  4.602857   6.687959
  4.615714   6.669914
  4.628571   6.651508
  4.641429   6.632749
  4.654286   6.613645
  4.667143   6.594204
  4.680000   6.574434
  4.692857   6.554343
  4.705714   6.533941
  4.718571   6.513234
  4.731429   6.492231
  4.744286   6.470940
  4.757143   6.449370
  4.770000   6.427529
  4.782857   6.405425
  4.795714   6.383065
  4.808571   6.360459
  4.821429   6.337615
  4.834286   6.314540
  4.847143   6.291242
  4.860000   6.267730
  4.872857   6.244011
  4.885714   6.220094
  4.898571   6.195986
  4.911429   6.171695
  4.924286   6.147229
  4.937143   6.122595
  4.950000   6.097801
  4.962857   6.072855
  4.975714   6.047764
  4.988571   6.022535
  5.001429   5.997176
  5.014286   5.971694
  5.027143   5.946095
  5.040000   5.920388
  5.052857   5.894578
  5.065714   5.868673
  5.078571   5.842679
  5.091429   5.816602
  5.104286   5.790450
  5.117143   5.764228
  5.130000   5.737943
  5.142857   5.711600
  5.155714   5.685206
  5.168571   5.658766
  5.181429   5.632287
  5.194286   5.605773
  5.207143   5.579229
  5.220000   5.552662
  5.232857   5.526077
  5.245714   5.499477
  5.258571   5.472868
  5.271429   5.446255
  5.284286   5.419642
  5.297143   5.393033
  5.310000   5.366433
  5.322857   5.339846
  5.335714   5.313274
  5.348571   5.286723
  5.361429   5.260195
  5.374286   5.233694
  5.387143   5.207223
  5.400000   5.180785
  5.412857   5.154382
  5.425714   5.128019
  5.438571   5.101696
  5.451429   5.075416
  5.464286   5.049182
  5.477143   5.022995
  5.490000   4.996857
  5.502857   4.970770
  5.515714   4.944735
  5.528571   4.918753
  5.541429   4.892827
  5.554286   4.866955
  5.567143   4.841140
  5.580000   4.815381
  5.592857   4.789680
  5.605714   4.764036
  5.618571   4.738450
  5.631429   4.712921
  5.644286   4.687450
  5.657143   4.662035
  5.670000   4.636676
  5.682857   4.611373
  5.695714   4.586125
  5.708571   4.560930
  5.721429   4.535787
  5.734286   4.510695
  5.747143   4.485653
  5.760000   4.460659
  5.772857   4.435711
  5.785714   4.410807
  5.798571   4.385946
  5.811429   4.361124
  5.824286   4.336341
  5.837143   4.311593
  5.850000   4.286877
  5.862857   4.262192
  5.875714   4.237535
  5.888571   4.212902
  5.901429   4.188291
  5.914286   4.163700
  5.927143   4.139123
  5.940000   4.114560
  5.952857   4.090006
  5.965714   4.065457
  5.978571   4.040912
  5.991429   4.016366
  6.004286   3.991816
  6.017143   3.967258
  6.030000   3.942689
  6.042857   3.918106
  6.055714   3.893504
  6.068571   3.868881
  6.081429   3.844232
  6.094286   3.819555
  6.107143   3.794845
  6.120000   3.770099
  6.132857   3.745314
  6.145714   3.720486
  6.158571   3.695612
  6.171429   3.670689
  6.184286   3.645713
  6.197143   3.620682
  6.210000   3.595592
  6.222857   3.570440
  6.235714   3.545224
  6.248571   3.519941
  6.261429   3.494589
  6.274286   3.469164
  6.287143   3.443666
  6.300000   3.418091
  6.312857   3.392439
  6.325714   3.366707
  6.338571   3.340894
  6.351429   3.314999
  6.364286   3.289021
  6.377143   3.262959
  6.390000   3.236813
  6.402857   3.210584
  6.415714   3.184270
  6.428571   3.157873
  6.441429   3.131394
  6.454286   3.104833
  6.467143   3.078193
  6.480000   3.051475
  6.492857   3.024682
  6.505714   2.997817
  6.518571   2.970882
  6.531429   2.943881
  6.544286   2.916820
  6.557143   2.889701
  6.570000   2.862531
  6.582857   2.835315
  6.595714   2.808059
  6.608571   2.780770
  6.621429   2.753455
  6.634286   2.726123
  6.647143   2.698782
  6.660000   2.671441
  6.672857   2.644110
  6.685714   2.616800
  6.698571   2.589522
  6.711429   2.562287
  6.724286   2.535110
  6.737143   2.508003
  6.750000   2.480980
  6.762857   2.454057
  6.775714   2.427250
  6.788571   2.400576
  6.801429   2.374052
  6.814286   2.347697
  6.827143   2.321531
  6.840000   2.295574
  6.852857   2.269848
  6.865714   2.244376
  6.878571   2.219181
  6.891429   2.194287
  6.904286   2.169722
  6.917143   2.145511
  6.930000   2.121683
  6.942857   2.098267
  6.955714   2.075293
  6.968571   2.052794
  6.981429   2.030801
  6.994286   2.009351
  7.007143   1.988477
  7.020000   1.968217
  7.032857   1.948610
  7.045714   1.929696
  7.058571   1.911514
  7.071429   1.894109
  7.084286   1.877524
  7.097143   1.861806
  7.110000   1.847000
  7.122857   1.833158
  7.135714   1.820328
  7.148571   1.808564
  7.161429   1.797920
  7.174286   1.788450
  7.187143   1.780213
  7.200000   1.773268
  7.212857   1.767677
  7.225714   1.763502
  7.238571   1.760809
  7.251429   1.759664
  7.264286   1.760136
  7.277143   1.762297
  7.290000   1.766220
  7.302857   1.771980
  7.315714   1.779654
  7.328571   1.789323
  7.341429   1.801067
  7.354286   1.814971
  7.367143   1.831122
  7.380000   1.849609
  7.392857   1.870522
  7.405714   1.893955
  7.418571   1.920005
  7.431429   1.948770
  7.444286   1.980352
  7.457143   2.014855
  7.470000   2.052384
  7.482857   2.093050
  7.495714   2.136964
  7.508571   2.184242
  7.521429   2.235000
  7.534286   2.289360
  7.547143   2.347446
  7.560000   2.409383
  7.572857   2.475301
  7.585714   2.545333
  7.598571   2.619615
  7.611429   2.698286
  7.624286   2.781487
  7.637143   2.869366
  7.650000   2.962069
  7.662857   3.059750
  7.675714   3.162564
  7.688571   3.270671
  7.701429   3.384233
  7.714286   3.503416
  7.727143   3.628391
  7.740000   3.759330
  7.752857   3.896413
  7.765714   4.039819
  7.778571   4.189734
  7.791429   4.346347
  7.804286   4.509851
  7.817143   4.680443
  7.830000   4.858324
  7.842857   5.043700
  7.855714   5.236780
  7.868571   5.437779
  7.881429   5.646913
  7.894286   5.864407
  7.907143   6.090486
  7.920000   6.325382
  7.932857   6.569333
  7.945714   6.822577
  7.958571   7.085361
  7.971429   7.357936
  7.984286   7.640555
  7.997143   7.933480
  8.010000   8.236974
  8.022857   8.551309
  8.035714   8.876759
  8.048571   9.213603
  8.061429   9.562129
  8.074286   9.922626
  8.087143  10.295391
  8.100000  10.680725
  8.112857  11.078935
  8.125714  11.490334
  8.138571  11.915240
  8.151429  12.353977
  8.164286  12.806874
  8.177143  13.274268
  8.190000  13.756500
  8.202857  14.253917
  8.215714  14.766873
  8.228571  15.295727
  8.241429  15.840846
  8.254286  16.402602
  8.267143  16.981373
  8.280000  17.577545
  8.292857  18.191509
  8.305714  18.823663
  8.318571  19.474413
  8.331429  20.144169
  8.344286  20.833350
  8.357143  21.542383
  8.370000  22.271698
  8.382857  23.021736
  8.395714  23.792943
  8.408571  24.585773
  8.421429  25.400687
  8.434286  26.238154
  8.447143  27.098651
  8.460000  27.982659
  8.472857  28.890672
  8.485714  29.823188
  8.498571  30.780714
  8.511429  31.763765
  8.524286  32.772863
  8.537143  33.808540
  8.550000  34.871335
  8.562857  35.961795
  8.575714  37.080476
  8.588571  38.227942
  8.601429  39.404766
  8.614286  40.611530
  8.627143  41.848823
  8.640000  43.117244
  8.652857  44.417402
  8.665714  45.749913
  8.678571  47.115403
  8.691429  48.514507
  8.704286  49.947871
  8.717143  51.416147
  8.730000  52.919999
  8.742857  54.460101
  8.755714  56.037134
  8.768571  57.651792
  8.781429  59.304776
  8.794286  60.996799
  8.807143  62.728583
  8.820000  64.500861
  8.832857  66.314375
  8.845714  68.169880
  8.858571  70.068139
  8.871429  72.009925
  8.884286  73.996025
  8.897143  76.027234
  8.910000  78.104359
  8.922857  80.228218
  8.935714  82.399640
  8.948571  84.619465
  8.961429  86.888545
  8.974286  89.207742
  8.987143  91.577932
  9.000000  94.000000
